0 613 332 23 23
0 790 376 41 22
0 669 329 30 29
0 514 341 14 16
0 456 353 33 28
0 538 353 17 16
0 685 279 10 10
0 610 270 20 27
0 984 234 27 26
61 547 337 14 11
75 638 330 15 14
75 656 335 21 19
75 500 283 9 12
89 555 335 11 8
102 572 333 11 9
104 590 333 10 8
145 754 332 30 28
158 684 303 7 9
159 581 331 11 10
208 535 334 10 9
217 628 323 11 15
224 584 350 6 10
227 538 335 13 9
270 513 335 15 15
291 565 335 9 6
312 576 331 10 7
332 698 298 7 6
332 672 318 7 8
334 647 327 22 24
389 601 332 24 23
427 539 339 17 18
427 562 342 14 16
431 597 334 18 15
439 528 293 6 6
455 555 331 17 13
457 529 335 13 12
507 495 328 15 16
517 548 326 14 17
520 639 284 9 6
528 477 339 23 21
528 511 337 15 14
559 458 339 19 21
561 517 329 19 22
